1000
946
782
353
246
18
974
657
742
324
618
941
912
577
209
65
998
655
701
198
361
694
702
290
784
283
285
37
226
214
546
82
723
64
979
279
71
129
672
398
956
830
914
142
287
879
314
149
810
785
901
741
84
11
864
90
705
233
9
157
688
788
159
591
158
15
899
107
699
994
613
92
869
803
542
430
506
468
965
238
623
296
829
919
205
905
986
55
172
123
160
153
595
277
309
146
771
120
922
867
334
25
255
840
637
977
984
787
354
352
91
806
69
470
428
254
606
467
483
261
425
479
961
96
490
843
262
434
540
182
502
47
448
975
464
32
937
26
499
597
292
245
412
949
745
357
452
130
926
514
405
222
249
429
179
478
316
679
243
295
264
725
385
583
370
351
21
1
317
241
443
798
191
117
993
403
138
57
756
359
504
891
365
387
721
625
367
963
831
528
321
162
475
894
593
873
971
88
53
969
380
682
535
414
772
109
775
441
466
503
807
427
911
230
794
496
973
587
545
907
685
793
433
114
229
268
951
110
501
212
426
83
232
197
711
389
713
686
227
210
421
633
275
280
706
491
49
145
620
356
698
619
342
641
996
231
948
298
74
493
976
312
616
294
517
795
390
77
177
379
550
877
836
5
392
266
886
38
589
559
454
507
611
128
27
368
97
187
697
561
288
520
811
592
424
936
386
52
269
728
743
40
404
63
754
846
409
962
761
885
671
173
626
437
749
751
709
66
225
674
346
72
927
416
242
700
417
792
171
345
822
753
847
608
247
695
141
93
435
735
744
199
402
13
271
765
654
489
308
639
821
147
216
444
605
140
438
557
600
267
692
169
871
440
45
759
484
665
30
154
668
419
805
824
137
722
834
219
920
853
934
921
562
950
708
750
585
108
144
256
33
651
601
48
804
252
734
777
330
766
372
39
615
676
293
582
8
747
338
669
458
739
469
516
220
337
436
152
757
102
278
857
7
323
586
691
915
573
164
331
307
498
396
640
888
251
451
213
228
861
104
168
258
272
282
842
406
78
614
190
658
838
218
487
234
815
909
814
253
598
183
527
122
19
340
629
636
143
693
3
377
845
415
111
68
661
166
666
362
112
124
883
455
689
720
854
917
151
24
890
918
511
978
565
892
571
310
341
939
964
755
837
800
856
61
534
714
924
566
801
638
378
450
558
995
407
383
207
889
239
898
569
512
945
931
176
999
347
944
572
760
643
724
670
399
460
673
773
366
897
860
712
6
70
762
932
235
477
81
41
344
621
703
236
718
442
778
360
196
522
541
165
687
189
881
118
930
954
667
175
819
935
653
101
904
675
300
318
631
812
422
35
820
335
880
895
471
530
913
538
738
313
244
113
609
170
513
463
848
505
628
349
85
539
319
358
132
100
75
652
99
488
968
163
348
906
660
970
740
453
44
549
908
646
211
237
780
363
872
556
391
473
849
500
664
748
594
896
263
555
12
274
180
1000
537
400
525
485
972
985
774
185
461
364
579
4
384
737
988
23
411
106
617
284
79
790
929
73
684
574
519
813
826
131
704
781
910
833
791
418
510
746
148
731
329
584
536
184
371
508
882
607
56
50
201
135
161
303
858
492
902
67
581
567
200
533
206
818
642
648
767
868
851
495
839
865
439
809
850
624
990
105
647
817
656
823
34
862
730
776
825
752
564
304
681
193
127
265
326
959
375
270
604
835
548
472
552
322
181
726
650
374
544
531
343
139
320
627
981
568
632
136
928
603
186
22
733
887
203
680
76
276
543
763
634
610
305
802
202
683
481
957
486
980
808
462
221
381
630
942
62
204
727
677
54
393
966
876
719
560
878
456
328
768
874
575
852
832
599
95
859
311
60
841
952
155
786
844
529
710
240
635
260
518
855
551
103
732
36
178
350
729
515
116
967
388
644
291
14
420
355
696
281
217
126
286
524
167
410
58
779
916
301
955
121
602
828
28
563
119
89
413
87
31
297
17
903
188
884
987
43
509
863
259
447
570
332
302
940
925
799
547
523
98
758
947
215
580
716
770
797
133
783
659
943
526
707
816
649
16
339
960
248
553
457
223
42
827
717
989
953
373
958
2
257
445
10
578
382
612
590
115
678
423
289
875
333
446
59
125
494
663
983
474
134
893
401
715
796
29
645
432
622
769
900
395
521
736
150
662
554
866
476
982
325
991
923
46
588
327
86
369
156
449
376
497
482
465
997
208
273
789
576
690
94
80
20
336
394
938
194
250
933
480
51
192
992
431
174
315
764
408
397
870
306
195
459
532
299
596
224
