10000
7177
2487
8977
3504
1618
9022
4954
623
293
189
4612
5352
3344
1258
4171
8537
5921
9855
3485
5139
7279
8689
4260
9564
2457
3750
5525
4024
1134
2563
2446
796
4324
9272
710
2415
5810
134
9751
126
5643
4504
2507
966
3450
1631
581
367
9193
4056
3164
3372
1776
9955
7404
6881
2226
4296
1931
578
2627
4191
1531
577
2142
8930
2582
3825
273
380
5426
7483
6934
2767
3701
5653
2516
1289
3324
6929
1778
1072
7572
5799
4889
3607
7211
4779
1784
417
1512
7845
3176
7734
1027
8558
549
1390
8203
8041
1830
922
8658
1123
4123
5419
5344
5123
5608
8971
6370
7150
132
9720
8733
9007
7250
5780
4988
9492
7023
993
6020
6601
3928
6325
5696
3404
3781
1157
4186
7000
9066
8267
6541
8819
9340
8367
9256
6746
4370
9695
1698
8758
7049
3810
5775
3615
2104
2492
3071
8318
3046
7484
7912
5060
391
8415
2237
3208
741
7798
2119
5894
5127
2109
2810
2959
7694
3958
2687
1343
4267
6997
9352
3771
509
4000
896
5014
7295
690
7550
6959
8301
492
9658
8661
281
734
8038
2294
5261
7002
21
6179
5218
8506
8030
9850
8325
3182
3171
5279
2945
4223
120
1759
6005
5514
1555
3457
267
5814
7314
1734
5532
9165
9324
5454
2386
2531
2534
648
308
6418
5518
7224
3427
5858
1585
1195
3579
2464
4381
1046
154
5750
356
1247
5681
3757
9346
1470
3984
3217
4354
7423
8439
2444
9205
864
157
122
2273
7199
5544
8158
4132
6647
9252
5753
9618
8423
5688
3562
3290
4994
2275
5675
2342
8806
7419
6456
3114
94
7575
666
668
3541
5758
3461
1499
3653
2898
1900
753
5686
7207
3371
6464
9783
5717
1645
9790
843
3095
1136
6555
9588
6976
3093
5624
2121
6204
6099
5962
1522
4998
1234
135
5664
2169
6058
5898
8157
5473
969
6899
4625
7988
640
2021
7629
1127
6770
4760
5970
913
1174
9717
316
766
301
9058
3835
370
4809
3797
4454
3648
7196
7076
9266
1450
2394
9465
466
7103
3059
7063
744
3025
8509
4321
6922
8070
6276
4396
5800
9621
6439
8937
3440
7356
1619
1546
771
2948
490
7497
8588
9418
2010
6920
3100
7417
2476
4768
9148
8378
4120
2990
4731
1650
7568
8025
2536
6111
1158
2787
5691
4583
4987
2479
8540
4917
1576
1311
2092
304
2340
2788
4309
6290
1441
3658
8952
5264
1949
4755
3425
8416
3118
3218
4201
5360
2068
533
9781
1849
6467
5306
7469
3699
2182
5482
752
2912
1815
6858
9676
3381
3512
5588
7874
3587
5346
1890
8556
8077
6744
8922
2215
996
6860
7542
2955
5879
713
299
7253
503
4700
6702
722
5372
4881
9877
8535
1014
4327
1826
4776
8191
2341
5111
6515
446
9120
8100
8144
7745
4975
1233
5965
5569
4390
3268
168
9739
2110
3151
9529
1643
8942
9049
4958
883
986
2471
6856
9035
7853
8975
5816
1459
6190
442
6604
4992
9953
1689
9911
1143
2162
1723
4810
3786
2359
5319
934
245
4212
5671
479
7966
5510
5725
2181
3273
4420
7058
2502
1956
4049
3396
6423
9411
9085
8231
7413
8542
7030
5069
7918
7994
3945
9084
7979
2703
8005
4664
3360
6178
9810
8634
7504
7061
6281
7086
950
3297
7431
2258
8399
4224
731
920
886
1177
2481
2432
4572
4426
3359
3394
3055
3416
4204
4980
3224
3101
5850
8164
2428
1705
449
5628
6973
3488
9844
3229
3236
5747
5721
7407
4450
9102
889
4882
2806
4226
3796
516
824
6105
7202
3323
177
7235
458
2019
5679
5108
6730
8898
9665
3849
9699
7967
3748
8447
7231
7551
7801
6831
3612
4395
3293
1104
3975
1782
797
6477
6629
5629
3600
720
4729
20
4174
3611
2852
9064
6978
1535
9677
279
9624
5621
2859
1491
5699
4462
2244
2594
4508
1861
1042
4352
8725
1533
7333
8180
3666
6867
9150
1959
2710
3311
803
5479
3588
8891
1557
5413
2921
2835
2808
5751
9056
258
4237
2343
221
9561
6962
4679
23
9832
2670
36
3422
1779
788
3008
9860
956
9012
946
1036
6505
5415
800
4275
971
6046
4710
8376
8037
7319
7519
4217
6356
8193
749
3219
2575
125
3563
6286
1404
1317
7307
314
6435
9443
1656
4930
4238
904
9670
406
505
3179
3471
8860
7970
6909
9554
4391
6400
9001
1626
1398
6104
9402
9094
4615
5078
8512
8028
6299
659
4886
4117
5652
5577
5177
196
5200
1322
3497
7517
4254
4229
8131
6874
2252
5635
2947
467
3724
6992
7227
7906
8368
7528
5313
5490
5155
1629
9995
5039
5945
6225
1118
3291
2009
3269
1122
2552
3419
4850
7621
1991
791
1015
1794
4130
1190
751
6570
9604
5081
1601
4817
6094
5506
3793
3837
1742
2448
629
7087
7666
9227
1264
6684
7576
665
1593
1337
2393
6723
4857
5295
41
6720
2660
2781
2609
5803
7004
2661
6568
5149
4565
831
2643
3575
6399
2772
117
5273
5359
2454
2911
9595
3848
2631
276
7148
7957
3187
1837
9884
5687
7984
9577
2574
1151
9
6914
1379
4909
8640
297
7626
7242
6974
3395
7700
9313
8234
9358
7864
7584
1787
6721
6567
8406
2081
3347
7162
7520
1145
261
8854
5187
2231
592
1823
4724
412
6206
1176
1235
6532
5627
8274
1661
8122
1730
4051
4011
8895
2067
8817
6607
4350
1835
9425
1004
3535
789
1982
9449
4845
7293
4162
4107
6113
5907
8072
4822
7047
8776
5341
5766
3550
2971
8735
4634
3764
2503
9323
8316
9589
1760
6404
8549
926
2565
1903
3257
9893
2093
1602
270
7095
8002
6942
4683
3321
2821
3302
7804
1324
2160
1594
7501
7531
8039
4656
6422
698
3582
667
7375
3037
2676
4887
2409
7618
3274
6117
9867
991
113
5554
6708
5141
9909
5281
2059
5690
6933
7239
8001
4876
9704
3935
4200
2936
1714
9848
1465
6406
6066
7646
7039
60
3322
333
7316
361
2044
186
2048
1393
1103
1116
815
7724
4331
8093
239
8693
4106
1354
1623
5013
7843
6064
190
2662
7219
4602
9445
5042
3431
4407
7276
4146
4977
5647
5501
7516
6620
3792
9690
7178
6408
8528
5243
6678
6893
7585
6689
9613
1984
4280
1920
3420
1935
5973
8653
2524
6842
1130
837
1001
274
728
5077
2281
3286
4231
71
3189
534
3919
253
6575
3668
7729
7115
583
7432
3063
9138
1847
1481
5899
7040
1466
6425
6608
810
4770
1229
5037
1270
3175
5017
6764
1543
8651
2085
1200
9273
3840
2153
7476
6353
9596
5623
2940
440
2307
3982
9381
9609
7481
4636
7831
393
8936
1436
5862
9605
1215
5297
7132
6310
9786
2500
8803
9632
4759
7240
3155
7090
8152
9439
348
1780
5004
2918
1454
7820
1179
2445
3469
2346
1080
3979
9499
6193
9557
5438
2572
3643
4261
3130
6079
6314
2991
670
6553
5700
9748
5896
1873
8240
4277
3852
9174
4858
704
725
6939
1003
8385
5545
5596
8502
9468
3686
8775
1658
8166
1037
9060
4598
2234
8719
1919
4374
146
4690
1260
6114
4986
8113
5096
2063
4410
2814
4203
2303
8888
6936
4750
1249
7111
6489
48
3673
2686
8228
3966
3722
7490
8491
9569
8794
5880
9025
410
3383
8049
2480
6564
1007
477
6970
1951
7861
572
2636
4116
6308
86
3992
1141
5932
8243
130
2335
5777
5086
465
3700
3723
1025
3628
5137
1246
3194
1828
6189
2289
6692
8428
8659
9778
2115
3655
8133
7931
3137
4965
4515
2071
7526
7013
6369
2659
8539
9612
5871
3351
3111
6397
1666
5124
4587
2850
1100
3204
7989
1514
8569
8645
9286
972
3087
1377
2239
2579
8555
9829
173
4993
1625
1183
87
2007
6703
602
642
3498
9616
3330
5847
7255
6508
6268
3670
1062
3335
6695
964
6751
7272
4078
252
1545
827
5626
5392
2892
7529
7755
5179
6569
5449
5118
9301
9936
2338
3506
970
7181
1679
6287
50
7027
7486
4643
9271
3123
4233
3543
9334
229
7692
1280
2530
7405
2639
8487
3851
5487
7437
5196
6245
2544
4013
2780
4890
5662
8550
676
5503
2002
2987
409
1989
6711
6302
4543
2361
9441
2555
7259
1846
6494
5284
6526
9806
2122
6560
9834
4820
491
1711
1146
5097
4398
2580
7433
7329
1458
1307
7949
3357
1616
5150
6949
2672
6110
1891
5915
5531
1362
7366
124
1089
4207
557
6614
7442
5509
4619
4043
3270
8993
1990
10
44
7185
6297
5437
7328
1746
4935
2351
8676
2308
672
9104
4313
6216
4695
9919
9963
3312
3406
1468
1486
811
4596
4455
2299
657
3044
6873
2339
3946
1962
3654
8749
5160
9738
4220
2035
8023
6208
2927
656
7321
5578
1428
411
149
4605
8090
9977
1297
9945
2941
1800
9428
1848
4952
426
4193
9491
5116
2427
327
6622
4864
5631
8718
7458
4668
9088
5074
5404
7444
6155
8893
7976
118
4458
3827
6868
5988
6500
1613
1934
8985
7300
7149
3127
3689
4216
306
9622
4962
2290
4025
9642
1676
2551
746
1109
1896
2357
4143
4172
8139
4050
5804
2157
6530
3844
3547
5265
4983
6546
2935
7685
3862
1777
3135
3354
3466
259
9054
9467
3759
7928
9637
3489
5472
4718
7709
8904
5587
2796
9836
2836
7635
4968
1684
7599
4014
5581
4317
8652
1292
3019
4323
3683
1562
9685
4413
8627
6393
1662
5852
9818
6777
4912
573
1352
9629
705
4286
1669
3881
5565
9409
5262
6736
2870
9442
8833
2233
2706
9597
3532
5038
2527
7534
7226
4475
8585
6453
6163
8209
5384
7708
5424
3361
5462
1453
3904
4096
891
2942
748
6913
5176
2731
3614
7016
3183
5872
1648
8945
6097
4819
4991
7354
1374
8315
57
1909
5166
4394
869
786
6999
1897
7347
7651
52
9458
8586
2696
6328
453
3162
6413
9330
2108
160
1371
8741
8459
3317
257
4169
6227
540
1252
1172
5090
8016
9978
4646
2805
1737
8934
8838
2824
2858
4428
7217
1112
9879
1852
1675
1320
1353
2378
3303
2743
5682
857
3702
7327
2466
5689
3677
3168
9375
7624
2847
3410
1696
6050
3000
3023
7619
4589
960
1529
3096
2715
5339
1275
7985
9308
3060
5714
3509
8024
5848
8611
2218
6513
3375
1721
7904
5484
4155
3936
8448
7165
1615
5260
1515
3920
2460
6798
5332
4319
5174
9092
7743
4084
5754
5823
9289
9585
4351
9036
4593
8067
785
8196
2705
5175
4421
85
5952
5817
6734
7229
836
8384
1795
7198
7846
7054
4140
3247
8451
7725
7655
9276
9074
6968
2541
384
6905
2168
2691
2816
2549
8901
1767
7427
1303
2625
6095
8264
2240
2829
921
3438
3021
4974
427
8789
6536
9846
6283
9235
3213
6073
7632
5214
4453
3013
1480
6540
1683
7369
8069
2695
1417
5612
7491
1106
9514
7081
1933
8563
7936
3456
4308
5066
816
5908
9429
5634
4772
7829
3486
8172
1916
1452
6033
9471
156
9257
5949
9881
8810
2024
7143
2431
5959
1026
4031
8662
3472
812
5051
3476
3333
2242
1968
1817
8559
6634
1703
5156
5618
7511
3501
102
4519
2298
8322
3152
5888
6757
2171
5418
3170
773
1827
2666
5981
4839
9980
8052
3451
8578
9229
2011
2439
9769
6374
3107
4452
1388
955
9645
5474
2222
845
3338
4704
1401
8407
4482
6843
1895
4574
6705
5607
532
6981
1995
4728
9437
1096
4617
3637
9553
3503
6519
3064
7192
735
4052
6538
7818
8324
1525
5373
9315
4990
7448
4206
4258
2214
1682
6940
206
9497
5068
878
2051
1175
1074
8679
7378
8265
1344
4282
6627
1476
5976
6775
6656
9343
2576
8790
6320
3076
1165
638
3731
1030
6067
7434
3132
1520
2813
7858
3368
6807
8281
7944
4492
9421
1327
8561
7633
8987
2164
6697
4243
7690
5939
5397
901
2364
1841
3200
8355
4925
4534
8083
8079
6750
6709
9296
6816
3459
3186
4627
1219
5878
3414
8366
3775
2398
7869
1356
7024
1965
819
4194
28
7453
6869
1570
6434
1712
7101
4048
8889
6021
9760
6247
8441
4631
7097
5558
1268
8371
5784
597
723
2596
5724
9455
750
7125
6295
7594
3591
309
2819
4279
8327
4852
945
4003
9477
2933
6753
2079
2784
84
2387
9838
5459
7648
3104
673
2900
7794
1300
7522
5448
9787
5189
1204
5572
2723
4863
9137
4973
2510
8291
9339
5987
3859
3804
653
1725
523
6018
5431
8469
9961
7512
9689
251
7380
7638
4242
6600
7278
3586
2803
4746
5575
977
6550
7932
9822
303
8762
3752
8808
7367
3167
962
3824
2117
2571
3331
4948
3691
3180
4818
180
4920
6806
1944
9962
6401
675
1445
2337
1138
4548
8056
9500
40
4787
9547
7010
1340
6851
742
1395
9268
805
5557
3341
1953
7233
5670
9899
8980
4929
7411
5294
4804
9332
4969
2490
8374
4210
7498
9128
2185
9380
3117
6889
3713
1914
5837
197
5129
6758
7036
3599
2587
2438
3580
2370
9248
4041
6132
6426
7346
2288
5740
4923
9326
1098
2638
5321
6745
5238
7206
9854
5
7824
5563
5427
4928
9476
3263
27
8206
9331
2046
9073
5280
3172
3880
9864
5192
7541
7643
8797
3092
8785
2027
5980
1305
5269
5774
9759
2176
3249
4262
2653
4293
5974
3380
3517
2889
100
4544
7983
5362
9698
7609
8031
5375
2838
2310
5526
2152
3447
1731
8522
6246
1430
7565
1495
6854
4030
2946
4378
1799
1424
6837
1824
2546
26
497
4446
9028
8477
7041
105
171
7186
3877
4235
4033
6612
3745
7677
2804
108
6813
3443
4035
3544
8840
3828
8078
8375
7160
3621
9366
5048
8619
6282
8282
1389
1771
1875
7527
5571
8958
5576
8696
6417
2554
5045
2518
9527
1977
2015
1266
1498
1518
8323
1455
9009
2390
5692
4432
4022
7077
2741
1409
7711
9964
8792
3954
5568
218
5148
6602
4726
5866
6800
6476
7558
6164
9126
3907
1708
4527
3492
8427
2055
5902
4926
2271
3154
2830
2589
7924
6334
3429
5057
30
6274
6421
1236
5442
8034
8461
8199
5930
3254
9459
3259
2519
226
6342
4637
7324
456
1750
2203
2253
5706
428
6159
1691
6996
5946
6821
3617
2465
2047
4907
4754
4080
1451
6652
4006
4811
7682
3453
5541
2358
8712
6024
4661
3032
8216
5011
2909
9222
1081
4469
1224
5746
8764
3120
9714
8130
3845
1248
6026
9423
2924
829
853
2220
3518
2637
9548
1492
1066
2155
6098
1334
2366
6542
3454
5099
5995
2486
3574
9649
615
80
1163
6419
9970
9153
9683
4297
9849
142
9512
9261
110
7580
2967
9797
2750
2064
4560
4713
2818
2611
3165
9063
743
7215
1052
5226
6796
9897
8104
4673
5950
3545
2006
639
5914
5240
7827
6279
5469
8220
6937
6044
7955
5229
3002
1624
5658
2525
5982
3184
6576
7066
1129
14
4036
3553
3016
2839
6469
2326
5067
6883
8010
8739
4747
4359
719
1250
7730
2435
6674
7173
5125
2848
6747
3751
2450
9885
7428
7108
3970
9845
3316
3508
9392
5164
6327
6250
8505
8592
8349
7867
8092
5867
7155
1528
4503
4241
9900
4499
1809
1757
2910
2397
8730
5732
2630
3073
2635
3421
4373
4368
5527
4376
9868
1467
3530
2654
330
7205
7089
809
8597
4727
6625
9373
7074
3939
3232
8740
8405
928
8112
7696
4026
3113
4722
4906
6032
5910
3918
9830
246
9482
6359
3769
2756
8151
2615
7201
3879
1288
8492
4079
8657
2528
8396
9996
3663
5071
937
9533
6187
2601
7841
2216
2320
1845
2080
2792
1573
595
6234
6324
3430
9365
4995
8422
7954
5731
8293
1368
5948
967
441
8434
4406
7050
5463
2277
6458
4743
37
1197
2681
2598
2897
1607
6478
5583
8382
5255
8403
5391
527
8850
7408
8372
2668
4640
4384
4388
3348
5334
3773
1005
5382
7781
8284
3659
1028
526
4847
715
2416
6948
3790
4083
7274
2748
9772
4141
488
3251
8872
1312
3942
9089
9528
7748
2899
6238
9727
8869
9942
3661
9563
2917
4945
7401
9615
1886
5205
3598
3264
2414
7133
7382
6055
1434
1858
7079
6486
7791
9870
9513
2761
8108
9070
178
8815
5165
7463
6411
1359
4072
2585
7200
76
9041
6217
8411
7083
9091
15
2937
2827
2493
8392
9526
8361
2923
6197
7297
3805
1964
9969
8702
4567
872
1765
9237
4873
5715
9791
7180
3514
2167
6661
4230
4601
5546
7605
531
9570
129
8334
4061
172
4034
5595
6670
3635
424
4966
9646
7238
158
9317
4840
2722
4457
3328
1894
4597
3487
7121
2442
7586
8972
7681
2279
8913
6070
3502
5499
4085
2488
9682
3300
1532
586
9641
7922
8921
5366
143
6862
9633
6982
5719
3841
10000
5636
6525
3367
2644
2116
4981
3555
9383
2871
8473
1494
6063
4521
7147
8224
7213
3370
2206
4774
4895
2747
2707
5560
422
418
4933
6846
8160
1898
515
6871
7971
7579
4371
5025
5468
7548
1020
5833
680
2922
1426
3674
6036
8518
801
6524
4524
2478
2822
4431
5713
1440
6527
7910
1773
5684
4001
576
3620
4775
4717
8462
4651
9883
6587
1329
9745
1086
5145
1501
9169
564
1475
6083
1326
9238
9446
6791
7191
3124
6631
116
2421
2029
8989
9098
6487
5376
871
9325
2268
965
4045
2473
614
2295
9143
544
4879
8721
8598
4931
4523
350
9100
1923
9979
4342
2082
5663
1078
3174
5228
4516
233
7358
9922
660
1699
349
9951
2041
2375
8446
6183
9752
6412
4066
2633
8470
7675
3774
6329
450
4613
5396
3495
3108
9139
254
7868
643
3337
9971
6144
5188
3307
5180
3593
9667
2077
2292
7393
4059
4382
6323
7425
6534
365
8530
6479
4749
664
9484
3642
6666
7613
2453
2312
4771
5289
5059
914
6774
7228
3618
2875
2184
3961
4899
4239
7234
2436
684
9498
5979
3015
3276
4824
641
7256
3927
820
4088
7947
243
3047
3959
6360
3325
4221
7368
182
1493
3712
4792
9929
9719
9770
6349
8007
4707
8670
6516
5410
3069
1479
111
6313
208
4556
7627
3161
1284
3807
7171
3577
1079
2422
8088
7292
6733
5303
5056
5256
5639
4182
3342
3403
3033
5552
9927
1043
5901
908
5573
8536
1396
4833
835
1577
3930
2286
6341
4797
9295
8138
3131
3494
4883
9000
8603
5023
1910
9935
2190
4806
4433
6192
4526
6126
7345
700
9147
7986
8748
764
1226
5985
8071
4318
7737
5173
7385
4086
2573
5923
4837
360
7159
7610
2763
8703
609
927
3728
7457
8855
2165
5102
5349
6074
6827
5953
5146
6106
4236
166
7301
6174
1599
6878
721
5742
8880
4418
3112
3516
5669
8254
6799
9216
1443
3159
4181
929
4016
8811
4856
554
5353
5869
8440
5072
3336
6420
3185
4854
2470
3334
7990
9225
6078
362
7950
9213
3944
470
4623
8911
4044
192
280
9831
7506
2413
5383
5374
8429
4437
7280
9749
8474
6343
6410
2073
9214
8736
4580
3679
1446
5276
5113
3742
8680
1541
5488
919
630
4487
64
4696
4961
2996
4624
634
5705
842
4509
4
7299
4019
3491
1137
9260
1729
4846
3511
8822
2419
2256
5308
9398
9466
6437
2344
7628
2321
5971
250
1932
7998
6488
6967
8413
3717
88
5423
3482
5718
2423
1210
1655
5379
5937
9598
5329
2675
5328
2499
1994
4402
5960
8672
4902
6491
4385
627
4211
237
1693
8842
2296
8873
2173
4684
194
9551
814
2925
2132
4725
6562
2447
4632
7482
4021
2634
580
7508
3865
4573
9101
2577
1559
3875
6068
4281
7797
1606
9889
3298
3758
4585
2034
8970
1438
8098
4303
1460
5993
6782
7340
7805
1187
6254
7659
8177
9578
9992
1102
7065
3478
3136
8835
3475
1902
4802
6965
3895
2057
8114
3376
7035
793
1243
9820
7409
7116
6640
1881
296
5838
4009
3708
3578
1314
7075
6428
4098
7406
8106
1372
2753
5903
2223
7514
3212
6446
5390
5996
5152
9928
1331
6248
3714
7208
4165
4148
339
9003
5562
2526
4894
560
1781
3205
3221
4741
5504
5887
3017
6241
3048
7530
5301
4399
2523
6611
2031
5495
9160
6430
2794
2742
792
5723
7384
1139
9199
3230
1558
4412
3464
802
4102
7560
8394
388
8654
3817
8035
4363
1302
4951
6954
5444
5207
5494
6772
1185
4688
6088
5018
6168
985
5354
7244
9675
4471
688
7026
4571
1135
4800
9002
2758
9678
2455
5128
4737
3660
1857
2186
5429
5761
1063
9716
9987
9364
5290
6309
8471
8521
994
2150
7816
7532
4507
5446
4999
4611
8587
3513
3520
8009
9185
8773
1418
981
2560
3830
139
7374
1364
4592
2949
9182
4214
344
4134
646
2868
699
5412
8404
2953
3836
8127
4218
2102
8836
2983
2978
1267
7546
6330
7706
4536
9574
209
506
3640
4336
6092
8393
7221
9207
6261
1058
5999
2107
5434
400
2713
9750
4170
2284
6582
3080
9912
2884
4485
9394
6676
9552
3721
4616
611
968
6953
2766
3910
8795
9355
5820
6466
6054
7011
9625
3413
5556
4970
2586
7475
3084
5327
5859
1544
1851
4177
1070
6140
893
528
9504
5788
1754
582
4934
7687
8674
478
3739
9862
6441
8547
7414
8484
9361
9948
1217
4735
5312
2336
5003
1061
1981
405
7992
9640
1537
679
5219
6315
5481
1540
493
6383
6045
3510
7640
3829
2301
6957
3423
6429
5253
5789
6659
6171
4681
9316
4946
5825
1822
8875
8766
5126
3735
1214
2700
5749
471
1449
903
9444
8047
1227
2973
6672
3847
49
9171
8321
2131
3892
6255
4712
8348
507
6023
6651
7552
2702
840
5220
3090
5285
3439
2988
5963
8187
9954
9208
4340
8950
5010
1472
932
4801
4477
5909
5201
8918
6685
6866
9385
382
2620
4807
8248
6907
1509
2005
3960
6804
6298
472
9840
2629
33
952
1431
3768
9819
9255
12
3566
3083
4166
2888
6848
6605
4767
7310
9643
5697
7421
6741
2605
3277
5471
1167
1373
3853
4325
1793
3703
4701
2101
5425
7773
1313
2704
5012
9635
3813
3374
6667
6840
6285
4307
841
5119
7439
5549
8091
5250
5089
3105
9907
924
6148
1238
3662
5702
2230
4127
1912
4179
6455
8816
4069
6732
6138
5579
4815
6454
7863
3864
2976
4468
9567
8925
3210
4329
7306
4910
2484
3755
7702
4905
8734
9853
4077
8870
153
7350
3089
830
6028
5711
1196
622
2274
7518
4584
1831
5135
1420
5648
4604
7176
2881
1173
9245
16
5401
8604
9038
1527
5863
7266
6852
8186
504
1254
6368
9142
9515
5567
7555
4783
1290
5428
5358
7001
8944
984
2612
861
936
6069
2867
8807
6120
7894
8189
4559
8175
9973
3815
4794
68
4154
3282
7187
383
8232
2389
1653
7263
3890
6786
3876
1191
5215
7477
9763
3197
9713
4246
1192
596
3803
7953
867
4095
3834
3734
6545
6713
6240
6963
2905
3024
4788
4057
5034
1095
2640
7938
5806
2475
2053
9888
4751
7754
5574
9488
414
5877
4575
328
9701
99
1039
1281
3271
1400
8257
9096
2725
1427
6056
8655
6947
4479
9037
3952
3051
5009
9080
4648
9518
4963
4097
4339
9606
7257
3418
7803
9188
5485
6118
1412
9842
7796
5288
1549
3932
5797
3981
8796
320
5001
7810
6357
2904
6440
6822
2632
1548
1883
9516
8779
6574
7352
5555
2434
8364
5904
9357
6490
2151
8541
5947
4355
4445
7899
6726
9292
7591
7761
6301
5851
4595
1722
6414
1144
2694
262
2774
4301
2212
2469
9644
5969
9419
9072
1997
4108
3018
3951
3741
8841
7738
6386
6173
4849
5864
8701
5132
4733
9824
5258
6926
1926
1628
686
4017
6496
2744
9493
2768
5432
9655
3983
5553
5660
6352
6785
4474
6903
890
1792
9636
8709
1804
331
4550
6077
3949
501
536
9106
3902
5033
5310
8332
4908
3675
4541
5853
1110
5315
1113
9607
3275
7472
3079
9722
4997
1947
3909
9388
9730
4472
777
881
3070
5287
223
7785
6985
7535
4346
473
620
717
1998
2075
5813
6186
8207
1082
7583
7284
5436
7662
2138
4392
9406
1497
9006
5522
6561
2760
2498
3863
3564
3434
6473
4071
1591
7372
5296
1050
3696
5259
5593
4294
770
3644
1633
7577
6224
8787
4914
35
3652
7193
5267
4657
9804
4424
3239
8920
1863
6603
1230
9692
5672
2802
9376
5604
8297
6794
3343
8233
6202
2820
8358
8567
1309
1293
7587
9231
747
2129
2291
4015
96
7884
4136
5300
1394
9825
9350
3626
3896
5520
5519
7424
9943
9555
1877
9696
9684
942
2250
4060
397
7698
9520
5695
8708
6387
790
3826
7951
3795
9938
7763
8982
1733
137
7893
4010
6039
7060
9661
8845
7612
5433
269
6506
3685
1839
6175
1392
1060
6668
4310
695
3991
4042
1040
5377
6691
2993
3012
5496
4629
885
1242
8286
4037
7166
9298
2647
4219
2994
6565
1713
5416
437
6686
9647
9464
4976
4338
570
2913
4780
5040
7361
7660
8964
9008
5839
5591
5611
4520
862
8208
8591
7667
8055
53
8250
2328
375
4942
2617
4989
8633
2161
2789
5049
625
4599
1788
8420
1
2089
8159
9705
1987
696
3838
1724
1277
2225
4697
9688
4517
9140
6338
5087
4305
133
8314
632
7653
8383
2998
248
8883
9134
3481
9994
2938
1194
1893
7669
3667
1287
4278
7892
6984
4630
317
5104
7082
2318
1892
5181
7044
8759
2257
3869
644
2901
1597
708
6599
4387
2656
4002
7243
8165
8283
6584
6577
524
9105
6619
3437
3967
8868
5989
4442
2345
2726
6845
6888
8927
5082
2329
1125
7355
5053
423
302
2456
3534
1000
8682
8401
2367
8194
2680
8580
1974
5151
9873
8306
8223
5007
2606
8337
1341
813
7847
7772
1678
3391
6671
655
4480
9415
1971
300
6200
1563
5234
6738
6548
4667
4012
5347
649
9262
7117
4594
2140
8496
6345
6861
5849
3477
1836
4853
2363
201
2070
3953
5406
1647
8438
633
8664
151
593
8011
5169
6465
7882
8311
1996
9378
9031
1471
5865
7146
839
5323
228
7942
7223
9957
5248
5047
7344
5140
8805
992
9543
3720
7275
2857
9903
1524
4067
2090
7216
3310
6438
4752
9967
6448
6335
9119
669
3106
1622
4826
127
4885
4808
9474
9673
6012
6354
8747
3858
3832
8155
6838
7713
131
6891
2775
6167
2371
8884
489
9232
8033
7289
1942
4463
6169
8846
3542
4161
2590
6990
7789
651
1775
4245
7130
5368
9190
1948
8279
7383
2036
5773
2845
5020
2584
8402
2095
5771
9181
1690
7965
6480
217
6835
4888
8302
2385
3672
5619
9319
6646
979
1411
7141
1006
9756
1286
2266
9744
2962
3812
7139
7963
4486
5622
3201
2982
8443
9348
6289
9835
8450
1608
6316
834
8744
6319
421
4176
541
8299
1503
249
958
7104
7194
1738
7523
8455
9110
1749
9694
9014
8878
1408
9975
8953
4459
9015
7059
9826
7567
568
732
3767
5206
7172
1681
5992
6776
332
5224
2724
9422
3956
6995
6989
6832
6597
4614
58
8141
167
4157
4027
1148
1583
3622
8829
6180
5876
775
3602
2255
3011
500
5062
5237
7916
5640
5841
4040
2285
4178
1728
6522
8444
4739
856
6431
294
1216
8430
5210
3794
3387
3196
9976
4264
9338
9807
9546
4639
195
4960
7057
2380
6716
2485
6945
9335
3358
1155
5251
9253
1610
91
7489
5107
7676
1652
4893
7449
202
5105
8554
5170
9798
7478
4721
7007
6768
4740
502
7144
1859
5764
8094
8593
2735
4135
7634
3718
9865
9039
8827
7758
5592
6019
5227
5644
3223
6158
8017
5597
6951
8198
4633
1511
5874
2175
9702
8362
7597
8879
6971
5882
6049
6969
9779
2785
882
484
4478
755
9427
3308
4904
3882
607
6116
6944
6802
6391
4782
3613
5831
2060
4878
6902
1483
4761
5015
3146
1751
6002
2424
2669
5739
4290
7731
8909
5972
3428
5197
2362
8143
8960
7370
6632
7995
8214
3470
5678
8799
5513
894
3569
8174
7494
1205
1508
5795
170
5550
779
2902
9209
9917
2755
6927
211
6471
8097
9302
8713
4494
2906
7360
5508
8976
8728
9524
8270
1701
2495
3737
7549
5036
6207
29
3353
8720
7645
9281
7533
7780
51
9342
9495
5120
319
2316
7460
2564
2200
9132
7842
5030
4547
3933
8761
806
8684
4093
3682
8333
1554
2376
6497
3680
7903
7878
7661
494
2693
1502
8317
4063
104
4872
5916
3937
7353
7014
9490
6101
6849
6296
2209
1184
474
8605
5637
4577
8625
2489
8475
2932
8256
5298
2929
9802
5093
4411
7849
6836
783
9042
7114
1586
6988
5330
271
3551
1381
944
5363
3756
4685
4655
5178
2950
3893
242
4476
3570
8195
7563
1955
1002
8575
3250
3313
8336
5070
5026
4924
3455
9653
2975
6129
963
2600
8755
7018
4505
4292
6123
1391
594
5632
3989
1421
5110
3346
6739
5380
6552
7786
902
7331
6923
1051
4576
6361
2372
106
8635
3288
1370
6887
6134
8978
5367
2877
5085
2727
5785
5083
9059
8486
5211
7654
2205
4333
2817
4255
7156
408
4671
6017
1686
8020
9839
9590
8213
1764
4985
7923
621
5781
2559
4582
7606
7262
6987
3809
4005
495
8610
5325
79
879
3925
6654
6761
9777
5044
6220
4618
6115
8480
3261
9628
5470
445
2135
5223
1707
3711
846
3364
241
8330
8342
3955
9933
8932
4129
7182
9823
9659
8907
6229
7499
6326
1672
169
9030
7819
8176
2736
8478
7042
1101
2542
1402
3226
8663
6389
8153
3816
2860
4644
3195
4765
7246
6416
6961
7806
8032
9902
8435
2198
5399
5720
2001
3523
826
3399
9562
7128
5680
6544
3736
3382
6107
9560
3779
7496
1911
7129
7471
9146
9572
5818
3206
6403
1325
4950
9913
6699
6336
5757
7102
5109
3444
538
3188
6031
7291
5564
1960
1660
1012
6025
5603
1383
207
9179
5000
162
828
5840
1950
98
9990
7210
3604
8899
5701
1075
8134
9299
661
7759
3854
5043
4357
2213
9336
198
8386
9183
9379
3624
3820
6376
4004
4414
838
3623
9283
2512
9776
7071
3969
5355
8969
2202
3460
5805
9771
3402
2557
5857
1668
2873
1874
6906
7323
9391
5734
8562
436
9930
5340
5515
4272
4436
3109
3458
5830
4939
2714
2832
4163
1259
5079
7174
2483
7939
4400
7264
3886
5143
8814
6184
9043
2831
9311
9247
8241
8015
3301
1748
3729
5893
8685
4645
6355
5674
8082
7902
9956
4131
5728
2062
8809
9583
2916
1500
8433
745
5752
7764
3026
8045
5625
9517
5385
3091
8510
1735
6810
1473
5270
1704
1590
1328
9469
6829
5326
5061
976
1369
240
1646
8111
5035
5933
5792
5917
4756
3082
8095
8581
1022
8169
6215
395
9011
205
6675
2798
1169
9387
6232
8629
9082
8029
5405
498
895
2608
5031
9435
7559
4874
5967
6572
457
1055
3914
6917
1921
9457
8498
9761
3871
990
1339
9915
1399
9244
5455
4489
1090
9851
3765
6645
2327
7570
909
5942
4805
9318
1561
463
1595
4566
6433
8245
2147
159
6165
1745
511
7371
7712
4860
425
1239
2023
6288
8573
1206
7376
6898
7817
9566
2400
7322
9424
5881
1209
8763
6233
1405
6199
8066
2396
520
3134
5063
8923
5230
7124
4964
7917
4490
7391
8668
7680
6221
9470
5891
5661
3761
7775
8488
8117
5241
3139
2270
7045
6537
7993
1904
1361
8249
6463
82
8626
4868
1360
5884
7891
6706
6841
6061
6407
8939
7416
9051
5843
7544
3647
9382
9403
7788
4018
8986
6468
2254
4513
6609
3608
6682
3531
525
6896
8887
9734
2799
4984
7251
5263
5246
7022
6177
9475
4867
1640
1349
9731
9114
3801
6160
6925
9496
8313
4892
8417
4943
8310
9154
7091
7732
2461
6857
2697
8128
136
3560
1154
9267
459
7507
1350
3705
1251
1294
1687
7915
849
7934
1797
8751
8979
5024
3256
8935
8699
1149
553
2463
575
447
900
4620
2964
906
3077
852
3988
5159
6754
6081
5497
5502
1332
5677
7436
5821
8075
5103
2096
9166
5530
6482
8632
5393
1565
689
4409
2406
6100
925
4443
6162
6573
1140
3412
3262
6013
1999
9436
7069
1808
5032
1983
7073
413
888
2674
5536
8548
1850
2880
7828
8834
9984
1961
8168
4675
1621
9312
3901
7826
7225
5394
9812
368
1083
566
3957
6657
7158
4142
7937
6960
6443
399
8618
8103
6483
8791
3843
822
6980
711
1913
9880
2334
6065
6735
7339
8780
9811
480
5249
8452
4714
1584
5537
8178
8527
4250
5209
7464
7043
6859
6501
8832
5964
1415
6900
2828
6521
5019
1929
3407
5420
2677
4769
8246
3681
9481
4836
3800
2730
2379
3147
7672
7513
1382
2054
8532
6366
8197
4549
8021
1315
9721
3245
1769
6213
6253
754
5292
4330
5065
9510
8786
865
3746
7252
1510
8507
6275
4377
5453
1199
6415
8150
4189
5130
1717
1057
2143
2773
8212
4650
7959
6306
6946
8057
5738
7099
4133
8831
4008
1715
7422
4465
9249
7438
3524
8801
1422
9908
548
5371
5370
5231
2125
1659
1791
3006
7245
2158
730
4979
3968
9413
404
4119
8076
7972
8345
4506
6156
3533
2667
5656
9983
6787
62
5221
6344
8706
176
3
6749
7962
6557
6350
9164
5614
1854
2762
8227
6606
8370
9004
8042
5922
7588
9737
8534
5769
7113
3656
943
5609
372
7153
6901
8546
529
3467
2769
1461
9841
9874
2141
518
6462
9937
8381
6157
7968
1034
7335
345
7625
4364
1566
8369
5601
6060
7271
7093
3990
1789
9800
9451
212
6292
2699
612
9293
5956
1342
6364
3839
7403
6396
3143
2259
5807
7802
9782
9866
1739
1186
5610
3576
8295
9483
2388
561
2374
5543
8844
1952
376
5041
7969
1161
4897
7451
3329
4649
870
4531
310
2016
7048
6257
8737
5528
8890
8351
7721
4497
6258
6784
5786
1756
598
4087
6188
6377
1834
1017
3948
1992
1114
6986
337
844
1105
9201
8124
6226
5892
266
2000
5204
7487
9076
1488
875
7683
8043
3085
4736
9067
1378
6131
7009
7554
7325
6205
7925
5402
8665
8335
9923
5283
6388
2207
5776
1432
807
8667
6585
7840
2496
3537
8938
1833
1357
8120
3985
9747
8357
1407
1245
5984
6792
9538
2673
4156
7249
7474
6348
5345
9136
2066
6591
462
3690
6252
8631
2986
5913
4248
4949
4291
3192
6382
546
866
7839
3789
1889
5395
4427
3036
2883
780
7980
288
4448
6994
6895
1966
7793
5590
9200
8533
3572
8051
724
5856
4918
4288
2751
5846
5798
3850
6166
7021
8644
1774
7273
8129
8881
2399
4090
3707
9217
8602
9863
7674
3081
8285
3369
5005
7308
4642
9251
4944
7390
5666
1762
565
5975
2872
8190
8968
6512
1630
390
508
4996
1674
8467
7209
8683
7946
5582
1580
2834
7952
4491
5316
3433
6759
2602
4940
9736
804
2263
5114
5309
4053
935
7744
2595
1663
4844
378
8896
9534
3479
7248
8782
4429
4495
3987
7856
6381
8408
3641
6362
4115
2558
9993
9664
4698
7807
1366
1477
8142
989
2984
2688
5977
6681
4332
7715
4936
6122
5343
9941
2352
7168
8217
4496
1029
8137
9228
7070
8818
9368
9662
6015
7556
6372
7740
433
2368
3193
9460
2297
4834
5342
2570
6870
2440
7169
7701
2449
9400
451
9525
1740
6244
774
6743
5561
9426
619
662
4192
7446
9852
5978
9918
8607
1283
199
9674
8218
2671
519
1685
3103
7766
694
4551
6351
7488
3597
3305
2086
2402
4558
1936
1838
3695
1670
6080
8048
7870
4257
3744
2265
8852
6321
6941
45
3099
4814
2179
4380
7055
1766
8201
8269
2353
7349
7735
3378
8859
6043
6834
6266
7351
8421
2114
9187
2280
8646
7590
1225
6137
6897
1228
9203
231
3931
8319
1358
403
6803
6307
7232
9285
298
7343
1940
1413
9803
4441
8304
9666
7142
444
3601
8359
5736
6109
7105
9019
832
4175
311
6424
7663
6820
6912
4831
2979
6756
6696
9390
6219
7705
8770
4790
155
9053
9204
2890
9241
5302
3526
2718
2192
5645
4553
6623
7658
5500
5222
7813
8012
7443
2094
7495
5213
9333
4183
8188
1256
9549
4055
73
389
7296
6762
401
6598
2801
9052
7873
4070
1758
9081
6337
5195
1553
2891
7889
9814
3565
6264
4919
7866
9611
5217
5542
5727
8595
7958
9017
6628
685
3409
5386
4265
2391
6850
6644
4715
868
4247
6000
1198
3385
9914
6048
2958
5439
5022
5252
3007
1133
2008
6444
5115
5600
6509
2098
9329
4773
778
9872
6358
1930
1024
6237
7456
7195
5136
3923
6964
115
9130
5606
371
7668
2028
9029
2550
2506
46
3238
3373
8557
8110
9033
1753
1864
1587
7454
4046
7336
7823
4199
9219
63
7137
3998
7887
5938
5924
2038
7309
2188
589
6718
7601
8572
1429
2865
9463
2163
5783
6586
9545
2874
4405
9950
6195
6767
4266
9218
5348
671
9896
1840
897
5897
787
8992
1068
1397
6864
369
9805
9920
6379
1972
1677
1403
5421
2717
982
9886
4608
9753
6626
8516
9408
8147
34
3866
7167
4289
6038
2324
1604
83
9926
2581
278
4397
6752
5940
7699
8099
951
1278
2960
2178
420
5435
768
645
1474
3042
1506
8614
1673
7616
1664
2261
7430
5808
7997
128
9210
2603
772
9687
2939
1636
1716
6885
8641
4851
4225
3043
7647
5685
9501
1084
8235
1552
2855
3237
1447
9447
605
9377
8053
6690
3929
2896
7615
7441
3684
537
2648
2088
4748
8966
8997
4694
8442
3924
626
1598
7294
8260
3389
8926
9294
430
8584
1798
4470
3173
4678
2610
8205
6618
1814
9532
1120
8062
2930
1688
3345
3539
8202
6639
4702
6847
7145
5505
6273
860
8754
6855
8259
7120
9489
8678
9215
5920
1065
5460
5829
4913
9189
3415
5642
6993
6209
3053
1862
3388
292
2350
9161
5365
6892
1166
8388
6641
6474
7776
3571
6365
5943
6373
3160
2745
5461
347
6363
4227
7834
3138
9728
1071
1802
3594
2472
8040
6805
8906
6763
3352
6529
3669
2951
9991
6707
1943
9077
5906
6698
8753
4461
5712
1107
9462
8465
3004
3225
5029
7003
9857
4738
939
8292
4662
4537
6916
4314
5304
9321
5407
6256
5535
3178
818
1180
2128
8352
8064
342
8973
6991
9735
7410
8768
8714
3050
4530
6472
2229
1872
1416
5050
6624
3856
5936
1032
4185
4151
305
6385
2426
355
9521
7332
377
7714
8458
263
4389
448
247
2149
1111
227
9186
7566
3148
3446
1496
8000
2072
1741
286
4434
1582
6956
2915
7911
482
1156
7611
7038
8230
1212
6894
677
1442
8576
7285
6535
4869
4023
6589
2895
4607
3315
1709
1907
4884
5335
7723
9940
654
8724
3926
9740
5997
5760
2652
9700
464
4758
9353
2535
7485
8732
8943
5162
7126
9821
6236
4344
4065
3934
5350
5551
9801
7862
4832
8908
2783
3515
3519
3915
3125
4641
9265
9158
7695
366
3292
9230
2069
398
394
4916
7883
25
9246
18
2569
1345
4099
2191
3088
3241
9542
3417
5827
6459
8390
6740
2300
4073
1878
2267
5318
9764
8058
5768
6583
7686
81
3558
3052
2689
5117
7098
2211
1617
9404
1680
2919
5538
7230
7595
5707
2842
8660
3976
6853
1094
295
9071
2914
6551
8298
5277
3887
4518
8309
103
7741
5422
8061
4708
9494
5649
9359
2797
1588
959
8013
6203
5483
1021
8885
1763
4180
4111
5286
4579
2130
2894
2504
8424
1853
291
8570
4660
1049
9297
3121
4068
825
9050
1941
3435
1298
6470
8328
8050
1126
2170
9349
67
8395
727
9240
2567
3319
8788
7795
8400
8914
8494
8356
739
8690
9859
7357
4938
6198
1231
42
2262
5475
9931
432
2621
354
6062
3102
6818
7204
7540
858
9157
1162
1291
3678
6793
691
7304
6559
9785
9568
585
8464
552
9212
1310
9587
4149
2861
213
2305
8767
7537
2737
2583
3062
8485
214
174
9090
1810
3243
9141
6022
8135
6875
6725
4525
6952
6346
9097
1564
5314
2765
9048
2616
3473
47
7697
7258
6844
8389
3791
2323
5828
7461
2920
6136
6712
3386
2056
43
4626
9367
2269
5476
5450
5492
7657
7394
4062
2547
7854
230
3166
997
9024
8287
7650
6817
5167
4848
4932
1732
7080
7603
6130
5744
7718
4152
9997
782
2217
2020
9473
8
3619
1150
7639
9371
8941
6185
3449
1087
8229
8515
7524
329
6154
3115
385
8757
1975
6924
7480
9290
4456
3445
911
9202
7733
3215
9905
6693
9433
4300
2148
8529
726
3710
6294
7395
6457
6931
2264
681
4542
8612
2972
8916
59
7860
2103
4345
2770
6879
4038
1790
7379
9113
7726
435
6766
6151
6269
307
4859
8350
5794
2878
3426
5523
5456
3289
8648
3754
9960
4298
381
3379
3222
6943
7830
2604
5709
8460
6280
6223
7815
7623
8544
1346
3355
9337
9389
3610
663
9591
234
6755
2649
559
953
8783
5387
9027
610
3220
3664
6872
7521
9985
8426
7941
3693
3938
7961
3906
9191
1457
9530
9958
4554
884
1654
8800
1318
5934
9401
4184
5772
4829
1484
56
5615
3424
6636
907
7673
9541
3156
1924
6877
1433
9946
7727
9149
6928
3279
3561
7468
2655
1435
637
4789
6890
4669
5961
1918
353
1092
5994
2578
9279
4609
9623
5779
7581
4621
1609
2004
7318
8236
2045
5524
3283
1211
9571
8410
6003
3463
4564
1208
863
8568
2235
1876
1117
6153
2134
6710
5278
1299
8242
1770
3634
1513
5324
1478
5782
2468
6833
6932
9162
1069
6950
8995
5655
6119
7452
5257
1222
4777
8255
5586
3231
2592
8215
1870
9093
325
6133
7767
8949
4706
8377
6011
3272
4654
9314
2517
9827
2124
5088
4628
650
236
2017
5356
4341
6259
7908
7782
5457
6935
995
1649
2241
7493
323
4167
5935
255
8497
7426
7387
2733
2843
5282
5190
9584
5835
8296
8237
5966
1937
8707
1899
6823
8247
340
7237
415
2685
600
8289
6147
7545
3898
4320
9773
647
6660
5157
7455
7736
4054
693
7800
2030
9306
9668
4803
1091
1517
2846
9135
5194
4898
9654
6729
7020
6972
7031
4546
3632
8179
9726
1917
9901
8698
4118
9614
5208
1946
7855
3857
9309
2562
7019
9131
1132
4158
1262
5801
7135
6543
4877
7948
1556
1667
1505
4263
4821
4552
2809
5084
5931
1547
5184
1170
6814
4393
567
6090
7429
5954
7799
8571
2548
9559
5491
4682
2841
7311
9536
2022
9580
5548
7254
8666
8004
4252
8132
175
8320
2701
4020
8331
8431
8089
4284
8468
1077
6581
1642
1915
9356
8414
4029
1164
3947
4723
6904
2260
3585
7689
8673
161
9344
4927
5638
1638
6876
6071
8999
3822
4825
5704
6679
8961
7757
9480
8263
4187
481
4366
9981
3142
3150
1425
9263
8711
387
8453
5521
6076
7510
7088
9686
9626
9762
8101
2957
2782
8149
2083
5464
2876
7835
2879
3846
6176
4635
9151
204
2952
4039
2074
9715
8517
8650
7084
4901
1993
9405
3390
9192
9989
8813
1255
6596
7326
760
2112
9630
4742
7046
6554
4197
1463
1376
8743
7056
7719
6724
3144
9620
3211
8778
9506
2197
1338
7085
9287
1189
628
6481
2189
3242
2599
8613
9669
6272
7317
918
6648
7770
5983
38
4555
3811
2411
5512
8511
8865
1574
1869
4813
6616
396
9347
4145
6082
4535
933
6141
9505
7752
4730
7015
1539
7270
2931
2532
571
7303
4967
1384
9952
1812
6719
8326
978
8107
6270
613
8642
5094
4481
8686
4510
674
1419
2014
7765
7362
3045
7447
624
3798
1922
3522
1108
8308
6451
4447
9133
2556
1860
6231
3527
6919
7897
522
9124
6124
275
3214
9652
5002
6884
9020
7094
2928
5275
5646
7832
1035
5842
763
5477
9220
9627
315
8275
7703
7622
6172
2720
8965
5311
2943
2078
2033
7589
3692
7359
7746
9755
769
701
3145
6811
4653
2739
2645
2348
9539
6135
5254
3974
9242
8490
4720
8688
1611
8519
2568
1801
702
1521
219
8347
8574
184
2790
1064
4766
9123
1274
7779
4144
1627
8551
4591
8991
6588
6492
817
1202
8479
346
2251
8027
3005
7935
3490
3244
6052
9453
1596
5958
7320
7473
781
4540
3199
8565
6405
938
6093
8489
7913
7720
496
3704
3078
6265
761
7386
8119
6687
121
1099
1807
2729
5440
1976
601
6649
4693
22
2309
8617
1257
6284
2420
9766
2540
6615
9233
3295
5737
3855
635
5058
9808
9775
3978
4692
545
1803
4251
8552
3061
8867
8756
5929
8608
5168
5131
5154
8171
3725
8862
4122
2970
6027
7400
563
7236
7871
2864
8812
8974
8933
6680
6655
8360
1575
1641
4880
5815
9507
4861
6057
9122
7927
3821
6030
4528
6142
8146
4522
8503
4947
874
7809
9420
6398
2105
5951
7157
5998
5233
5307
2543
7602
9651
6340
3299
6828
5489
1692
8501
3072
9178
9432
119
2193
4110
7067
9121
4365
7684
2377
3260
2136
8564
7183
7956
8221
2482
434
3365
9843
697
2869
5409
4315
7466
3738
8876
6312
1048
7704
4871
3980
2392
4417
5098
9794
2384
6783
5417
2646
2764
7620
9793
93
341
3590
930
2058
8026
4911
1634
1816
2641
923
8820
8006
9372
4663
6578
4287
6595
6714
6145
6103
9307
1016
1115
3818
469
3068
3772
3058
7203
4711
4312
1168
8726
7341
2369
9537
4511
6152
6243
7728
4532
1821
89
7388
8828
6778
9399
1085
1986
8675
8105
6558
6235
2208
8125
6566
6507
5895
4823
9354
9341
3891
6196
7536
2749
5630
1783
7268
4372
2771
7747
9968
4356
8931
7092
9300
3581
5832
8590
285
4285
3733
8579
5919
9634
3688
9573
9758
8036
510
2791
1905
7051
975
8268
4348
90
1605
1131
8273
7152
6089
1272
9871
5726
2430
3034
1820
3784
9847
6001
8695
2245
949
9065
8156
4500
8398
2437
7717
4982
2844
8553
3339
4670
3995
5245
8523
2968
974
2407
2360
3657
4745
7907
7569
5703
8380
798
1957
980
3536
8495
603
847
5465
1489
8508
9417
1813
5767
5854
9176
19
5770
737
3163
3913
5861
8671
2232
9939
2698
4557
1819
2657
4570
112
3788
2954
5133
8161
6242
9061
3753
6911
2065
4369
2746
5659
9284
9032
9944
4538
2477
2373
7753
2042
4498
4228
4915
8538
2401
9184
9998
2511
1013
7652
3248
7151
6402
9723
7921
9784
8262
3066
2154
2711
485
3766
7919
188
283
9320
7670
7975
193
1295
1635
8300
4094
3284
1282
1067
1908
6128
8848
7649
9708
313
4784
8601
3207
5378
9243
1218
6086
6760
5580
5144
8116
7960
9681
7396
4672
2837
7260
5466
2692
7123
9648
7381
3706
2120
6510
7814
9223
3730
587
6201
2172
6908
3888
7277
8897
7678
9374
7398
499
6222
2025
9236
2509
8984
8912
9531
1241
899
8449
5836
3922
4435
3216
7881
1301
5333
2690
9972
145
3589
5651
2221
8341
2003
8630
1856
3240
9069
599
4379
1056
140
8609
4430
9270
5478
9258
7876
3676
4971
8238
3894
7118
8513
6830
7880
5185
5430
123
9108
1925
8272
703
2381
475
9327
8823
8681
6040
3631
2752
9278
9550
7812
2087
3993
7783
2628
8343
9631
6737
3921
3567
6886
6918
954
164
114
4687
9129
8784
1888
8837
687
8639
1244
5322
13
6210
7290
8219
4269
7977
9280
5153
3227
3169
2433
3592
5266
3671
9363
8864
8121
277
1988
9177
9711
6239
2545
2926
947
9593
1761
6271
4875
1009
9657
1752
2520
8481
312
8080
5617
7790
2553
4349
5247
260
7641
5928
7722
8472
3022
8192
6139
1954
3039
9697
1076
1159
4838
3505
338
543
216
8710
3899
3806
2786
1866
1568
4795
7188
4198
9431
359
6322
1414
3889
8251
9579
9949
364
2882
2738
8705
3480
6
4403
7154
9362
3280
5716
4196
3203
1279
7895
8566
9511
7062
2383
9544
1410
9582
6808
4113
5756
5870
1387
4105
5584
8621
1967
3814
181
3010
6007
9576
4100
8717
4568
4703
1718
5926
4659
2365
9438
5274
4493
5305
892
8983
4638
6149
5171
8500
2204
9173
6499
5855
7926
1939
4785
3727
1719
3868
7852
1526
9018
6633
6727
4610
9155
6249
8697
7664
1093
3783
8520
4786
1755
7671
8738
4074
2997
6514
8957
1879
8905
9275
6975
2040
3122
2304
9875
9395
3266
4514
3595
7859
1697
6769
454
1880
72
6523
678
358
224
3777
7032
4959
8019
2619
8599
5452
5676
9892
3609
5873
5889
1806
9904
5790
9454
8637
8379
4326
5331
5860
6865
61
9410
9310
3900
712
9277
7161
9556
326
3546
1928
3763
5927
6528
6392
3823
6182
287
5055
5594
9522
7334
7760
6367
2159
5957
8656
1351
4440
268
5668
2793
8745
2133
1188
7100
3029
6593
9861
7479
9672
7933
3964
8253
1160
4439
3296
1726
9709
6704
1551
3770
2851
5729
7604
3405
7028
4799
9502
2224
8387
5163
1152
9724
9479
2137
289
8781
3483
7777
7898
562
6251
3831
7017
1571
8954
3252
5534
9757
225
8877
1319
6035
4240
7363
9788
3962
5467
8102
7342
9754
4322
9013
452
6333
6449
591
3973
9005
7811
4202
3397
7064
3802
9795
3350
2330
9264
6955
5693
8636
8596
6004
4843
9250
2712
709
3209
8136
9172
2018
9407
7459
1945
5398
2624
9163
2325
3356
7312
3525
2333
148
8288
2907
9099
9982
4234
4259
438
4449
8258
7140
7029
2313
3067
2332
9799
4268
1221
8771
2180
7792
8729
1386
8148
3027
3625
7462
185
9211
3870
6212
419
7920
1979
6485
373
2513
6826
4812
877
4383
652
8525
5539
2113
8622
9703
3474
8185
9663
6047
2854
8499
3943
187
3965
3941
7538
2099
8624
6211
3916
9789
2199
4606
8346
8886
17
3281
74
1530
2314
4865
7190
235
8623
9732
9638
3633
8412
7974
4841
5369
6663
4112
584
7338
8065
6450
9906
692
5064
9078
8329
7825
4734
1010
2663
2908
2683
3808
8482
8928
3003
4647
6594
7315
1336
6779
5134
6072
2355
8200
1825
3605
8715
8126
4835
550
8723
3749
4164
9198
5796
1253
9026
2247
5441
2734
5239
8716
5641
6653
7562
9393
1171
7298
8391
9869
6029
7890
5991
3782
2626
8109
1901
2183
8606
9055
1536
8204
5735
7212
9386
2032
4423
8305
3651
4190
3874
3905
5883
1008
7435
1695
97
8353
7373
2863
5986
6590
5414
6442
2849
3997
2319
6347
999
4600
5027
6547
718
4208
69
1938
6445
6037
5006
5357
9083
6748
8824
4862
3687
5613
1603
7492
4419
7068
5900
5320
7
7365
8432
1347
1038
2903
9988
7265
7222
7833
95
2097
318
4900
9650
9086
8638
1330
6771
3556
1269
7784
3128
905
2491
1620
9034
5834
7630
3747
1485
3559
1637
3596
5683
3285
1868
5016
8354
8760
4467
3484
558
9932
6075
4334
8087
4978
3649
8858
738
3028
5008
5875
1296
4347
2118
2126
5268
7821
9887
4273
8769
6218
851
7756
1550
343
1031
1829
6921
1786
4408
859
1059
957
9370
7582
2759
8967
3940
3318
3320
5447
9412
3885
7072
767
7281
1220
3493
6495
7287
3507
9833
9288
7261
4539
535
4719
4362
8722
6371
1589
1796
6331
9369
9599
2243
1375
8839
2227
4686
7848
1519
3842
1128
1805
2293
1097
1632
5763
8731
9729
7637
8225
3726
336
8074
4215
4316
3540
9813
3994
6009
3787
7822
2195
461
3917
4699
9710
429
2665
6293
917
8182
762
5381
2145
8493
8996
4744
9112
1844
5955
8085
8600
9047
9206
2989
222
4160
2622
2807
4855
3911
6610
1569
8154
2302
54
2248
2893
5822
2236
8628
6108
9816
9876
8851
2037
4092
5748
4007
1147
7688
3362
8955
8068
2658
1380
7739
2322
7945
5605
4816
6436
8649
4137
5193
4404
9828
7164
6839
9796
8692
9452
5812
6127
4705
547
7283
2249
443
9062
3149
1980
6765
7184
150
5540
5198
6579
1706
9016
5293
3603
9118
7006
3075
460
8915
631
8063
4188
4249
8691
1406
9743
9450
4358
9075
8463
2196
8059
3465
3646
5121
4666
4295
3732
6409
2462
833
3584
9305
4529
1054
9254
352
1464
8140
4222
9351
4581
6910
6815
8483
7879
2331
4360
1507
3366
6539
3141
513
6318
6715
2467
6824
5547
8046
5559
9397
1665
8849
2529
1490
7600
9680
8821
5236
2777
8947
4956
2856
2146
1437
3573
3094
9815
616
2795
1579
8252
2980
5216
2815
9837
5458
7122
3049
5191
2969
7710
604
165
152
9774
2127
3349
4451
7596
7642
1333
3441
5092
3452
8882
1958
2417
4680
6452
203
3716
5232
5654
7502
7286
7999
3177
8843
7991
8514
7389
8339
1203
9194
9509
7771
2043
4796
1469
4716
8616
9180
163
8647
4213
9111
6621
3583
7929
1885
7578
1538
6484
4256
3884
6571
4501
512
9602
8772
6181
5516
6511
4941
7302
876
5443
8874
8894
2709
8397
3040
431
8847
2966
9145
9894
4561
232
9224
5272
2219
1970
1456
5161
4763
7450
8853
9924
5403
6801
3074
1747
6278
714
6263
7034
8312
4828
6102
2039
6863
9125
9239
4128
5498
9508
1213
5566
8338
8173
5589
9456
9345
2776
7037
1273
2106
5620
1263
4842
7598
9010
6010
1316
5824
2591
7267
4753
8583
6825
9575
1178
5095
6191
8998
1207
6788
618
2026
8261
7978
9430
9679
24
9291
3760
5918
5886
1843
6797
7592
11
9921
9594
3086
8436
2246
9767
3872
8307
9934
3903
6665
7778
5722
2539
357
4109
4353
588
4153
4299
8951
6790
1855
6643
2995
3327
608
1581
6332
5338
322
7305
1542
3638
5244
8445
8239
1710
1887
9718
3432
1193
6683
4484
7837
3126
5585
3549
3636
4232
7665
7110
2956
7707
2278
8919
1639
8211
6121
5665
880
8276
3616
8466
5351
2974
7896
5529
2084
6304
7608
374
3129
9079
9414
8060
4590
8948
1600
850
1355
658
4870
9109
4460
3278
2425
8280
7981
3462
9448
2522
3630
5708
2614
5076
2177
7131
855
3392
5570
4367
4064
9107
5819
1033
5054
707
6580
5100
5793
9535
9144
8170
2934
6125
3719
439
5291
4483
6556
7607
4081
8687
9519
5142
3548
3740
4375
1644
8694
2823
3384
8798
9486
4732
6533
2981
5451
5408
7844
4335
6930
9947
539
3009
1285
6267
8419
9040
6230
7470
3639
3778
3098
9817
4762
5694
6635
1088
6091
78
5911
1612
940
9780
8365
7138
1240
9707
3606
483
2886
7420
6375
1365
2826
3119
4416
5112
6041
4274
7218
4677
5667
5299
4438
7857
9170
8765
740
4147
3785
8226
455
7973
4652
7136
8096
9396
65
6983
138
8118
6638
8409
9046
2607
2052
7769
2812
8924
7377
321
2418
9671
4578
7465
5337
9023
2593
8704
9282
220
3528
2347
6161
3496
9360
7364
4138
2684
7885
1181
3287
7052
7397
7330
7914
3776
6394
5905
9156
1516
4689
8545
6979
4168
579
3228
5868
5616
1439
2410
1011
7440
9485
9461
5183
2272
1842
5990
3697
9586
8560
7412
736
2521
3468
9890
324
6938
7930
5080
3056
6112
5486
1743
1073
6780
107
514
334
795
1018
7109
4891
9152
7574
6291
7901
5759
6773
7875
7106
3860
2311
9592
4139
8290
2721
66
7557
2443
6742
8123
887
7888
4691
5225
6731
2999
8022
7571
1045
9916
7543
941
8526
3996
200
7547
290
3133
3363
9925
3202
8856
3629
4101
6664
2682
1462
8073
8802
2716
8418
8084
517
6662
6958
3020
8589
8340
3306
3971
8793
4603
8086
5202
1978
983
1504
7392
9478
784
3977
8727
9195
4955
487
4209
5147
6549
3436
4827
7241
9712
7197
3554
1223
9234
6592
9639
3246
2833
8456
5811
1047
6262
5507
1019
7877
3265
7119
9910
2403
7808
8777
7313
1736
7656
5052
2944
6998
5203
4283
7107
3377
9196
1702
8457
4665
4103
7005
3650
3715
1448
6882
476
2354
147
70
1811
1237
3694
75
9221
5778
1053
2597
3861
4422
759
2650
8863
6317
2050
1142
77
2100
8222
4921
8962
3912
1153
4563
4075
6390
4104
4937
5941
2811
109
5172
5028
2429
9558
6461
3157
716
4586
2156
6795
2458
7996
1720
9384
9792
4173
8804
2049
9856
2678
7679
3698
8277
2228
5602
3198
998
4195
5317
2618
3001
386
3833
5517
8115
8018
2061
6085
351
8990
3233
4972
5235
1348
3401
3557
7399
8825
4244
8900
6563
2862
5890
5844
144
2561
7909
6503
4444
3627
733
8830
2013
2985
5493
3709
4676
4866
4401
2123
6781
39
6014
3140
8643
4032
6084
9304
215
8892
4306
4473
1871
8294
5336
2505
2719
4311
8162
8210
7573
6504
9733
4205
5212
4757
1023
3398
9765
7282
848
6303
284
9966
2166
6789
6688
4466
2012
3253
3400
9167
7220
5400
5698
931
2961
7467
3665
636
8003
1487
5411
179
4709
2866
7025
4658
9159
551
3873
7503
1657
4830
9581
7900
8746
729
1121
823
2283
9168
3972
5598
2494
530
1727
9706
1265
8742
5762
3035
2382
5445
2679
8956
3878
2282
4121
3521
264
5361
7112
1271
3762
2194
7593
7525
6053
9087
4124
8940
3908
9487
8752
6260
3780
101
9725
5480
1572
5106
3041
9116
4028
9328
7402
2623
4588
210
3191
9693
9440
2840
3258
7134
2210
5138
6214
912
5158
5101
8902
5765
9691
3031
6008
9565
606
961
6673
363
8044
1044
9601
8363
4150
6432
3294
6677
776
8437
31
3442
8183
2732
7096
2349
416
1651
4415
272
9472
4091
5199
6339
1534
407
1444
6650
4076
8167
6300
2537
8303
1744
6143
4276
9068
402
9103
7012
191
9746
7774
32
521
7838
2238
5021
183
6700
8054
7905
1308
1261
5599
1363
7750
6475
799
2853
987
392
1306
141
9523
1560
2287
5925
7836
7742
2885
794
6277
4302
2538
2708
2887
9858
6498
7170
1567
4464
5791
7415
821
2992
3448
2459
9322
5650
3267
2613
3408
6819
1304
2515
5673
55
8181
8184
7553
8826
3153
8861
683
9600
6717
7964
5633
7445
988
6395
265
4337
2356
6613
4896
2174
5073
8577
1865
1367
6016
916
6642
8476
808
5388
6518
9959
6380
8531
2566
9021
7189
7500
4304
6630
2201
4488
5091
6502
4047
9608
9274
8454
6809
1232
7008
7751
8543
6087
7691
5787
335
8959
4159
2728
1482
3999
2
7940
4271
7033
2441
7636
7247
3743
758
4082
2757
9878
7644
1321
1985
2315
8910
9434
4502
4798
9965
9115
1785
8008
2404
6722
6517
765
5944
8615
5186
9127
7865
915
1385
6493
2778
9603
3054
9610
8620
6728
5075
7872
5826
1423
1523
1818
9741
9891
4425
706
4674
1969
2091
6146
3065
7749
2111
898
8271
1671
4533
9259
3411
556
3332
6194
8871
3235
2514
379
7987
7693
6460
9045
2800
973
9999
7127
2405
2779
2408
4793
6977
6966
9303
7716
7053
7564
5710
5968
682
7078
6812
8677
5733
8344
4562
3950
948
2395
7631
9503
3538
4764
3529
3645
9882
3255
7851
8014
4622
574
1882
3304
7179
238
4125
8594
8946
4791
9044
8903
4114
1335
1578
3986
2076
3038
9895
9617
1768
910
9226
7614
9742
8504
3867
486
9540
4126
5046
5242
542
6059
4328
4270
9768
8929
4253
9660
4512
6006
3568
7943
4781
7175
1276
5182
7163
2306
6520
5741
8700
4545
9809
7982
8963
2740
555
3500
5885
2276
3552
2825
1772
5745
92
4778
3393
3897
3190
8278
9974
7768
244
5743
2187
5809
8582
7561
6051
6617
5657
8524
2965
9095
4953
2412
7617
2963
6305
2977
6637
6701
3030
5122
6531
2533
3057
4058
8163
1832
5364
1124
2451
7348
1119
468
1700
3883
9057
4569
7214
5271
9269
3181
8669
6170
1694
2588
1592
9175
7515
2754
1867
4922
3158
6034
4089
2452
8866
756
1041
1182
3314
2474
590
6311
3499
5511
4957
8244
2651
6378
2501
8857
2139
1884
3326
854
7505
6427
1906
8750
7509
5389
1614
7787
6228
2664
2642
2508
5533
1963
757
6694
6447
5730
3819
5845
9117
7850
8081
5755
8425
9197
3014
5912
7762
1323
9656
256
4343
5802
3963
6915
3097
873
1201
4361
2497
6042
9898
8917
8994
8266
1973
8373
8774
282
3309
4903
8988
6658
6150
7539
3116
3340
9619
4386
7337
6096
7269
9416
9986
6880
7288
2144
6669
8981
569
7418
2317
3110
8145
3799
1927
7886
3234
6384
617
